4		
Time factors 1  #Industry			
1			
1.052631579	1	1	#8
1.052631579	1	1	#9
1.052631579	1	1	#10
1.052631579	1	1	#11
1.052631579	1	1	#12
1.052631579	1	1	#13
1.052631579	1	1	#14
1.052631579	1	0	#15
1.052631579	1	0	#16
1.052631579	1	0	#17
1.052631579	1	0	#18
1.052631579	1	0	#19
1.052631579	0	0	#20
1.052631579	0	0	#21
1.052631579	0	0	#22
1.052631579	0	0	#23
0.842105263	0	0	#0
0.842105263	0	0	#1
0.842105263	0	0	#2
0.842105263	0	0	#3
0.842105263	0	0	#4
0.842105263	0	0	#5
1.052631579	0	0	#6
1.052631579	0	0	#7		
		
Time factors 2	 # Energy
2		
1	1	1
1	1	1
1	1	1
1	1	1
1	1	1
1	1	1
1	1	1
1	1	0
1	1	0
1	1	0
1	1	0
1	1	0
1	0	0
1	0	0
1	0	0
1	0	0
1	0	0
1	0	0
1	0	0
1	0	0
1	0	0
1	0	0
1	0	0
1	0	0
		
Time factors 3  #Residential			
3			
1.052631579	2.823	1	#8
1.052631579	1.4115	1	#9
1.052631579	0.7063	1	#10
1.052631579	0.7065	1	#11
1.052631579	0.7063	1	#12
1.052631579	0.7056	1	#13
1.052631579	0.7063	1	#14
1.052631579	0.7063 	0	#15
1.052631579	0.7056	0	#16
1.052631579	0.7063	0	#17
1.052631579	0.7056	0	#18
1.052631579	1.4115	0	#19
1.052631579	0	0	#20
1.052631579	0	0	#21
1.052631579	0	0	#22
1.052631579	0	0	#23
0.842105263	0	0	#0
0.842105263	0	0	#1
0.842105263	0	0	#2
0.842105263	0	0	#3
0.842105263	0	0	#4
0.842105263	0	0	#5
1.052631579	0	0	#6
1.052631579	0	0	#7
		
Time factors 4  #Traffic			
4			
1.052631579	1	1	#8
1.052631579	1	1	#9
1.052631579	1	1	#10
1.052631579	1	1	#11
1.052631579	1	1	#12
1.052631579	1	1	#13
1.052631579	1	1	#14
1.052631579	1	0	#15
1.052631579	1	0	#16
1.052631579	1	0	#17
1.052631579	1	0	#18
1.052631579	1	0	#19
1.052631579	0	0	#20
1.052631579	0	0	#21
1.052631579	0	0	#22
1.052631579	0	0	#23
0.842105263	0	0	#0
0.842105263	0	0	#1
0.842105263	0	0	#2
0.842105263	0	0	#3
0.842105263	0	0	#4
0.842105263	0	0	#5
1.052631579	0	0	#6
1.052631579	0	0	#7	


	
